0,426
0,425
0,424
0,423
0,422
0,421
0,420
0,419
0,418
0,417
0,416
0,415
0,414
0,413
35,5
0,412
0,411
0,410
0,409
35,4
0,408
0,407
0,406
0,405
0,404
0,403
0,402
0,401
35,3
35,2
0,400
35,1
35,0
0,399
0,398
34,3
34,2
0,397
34,1
34,0
0,396
0,395
0,394
0,393
33,5
0,392
33,4
33,3
33,2
33,1
33,0
0,391
0,390
32,4
32,3
32,2
32,1
32,0
0,389
0,388
0,278
0,387
0,386
0,385
31,4
31,3
31,2
31,1
31,0
0,384
0,319
0,318
30,4
30,3
30,2
30,1
30,0
0,317
0,316
29,4
29,3
29,2
0,283
0,243
29,1
29,0
28,3
28,2
0,9
28,1
28,0
3,1
3,3
10,12
